image: game_map.pgm
resolution: 0.020000
origin: [-0.802176, -7.094379, 0.0]
negate: 0
occupied_thresh: 0.65
free_thresh: 0.196
